12.54
13.88
12.01
85.00
14.22
15.10
300.50
11.95
12.44
13.01
14.55
500.00
12.88
0.5
15.22
11.88
12.33
13.11
14.77
-50.00
12.55
0.07
14.22
15.01
12.44
11.99
13.55
14.22
15.88
999.99
12.11
13.44
14.55
15.22
11.88
12.33
13.11
14.77
12.55
13.44
14.22
15.01
12.44
11.99
13.55
14.22
15.88
12.11
13.44
14.55
15.22
11.88
12.33
13.11
14.77
12.55
13.44
14.22
15.01
12.44
11.99
13.55
14.22
15.88
12.11
13.44
14.55
15.22
11.88
12.33
13.11
14.77
12.55
13.44
14.22
15.01
12.44
11.99
13.55
14.22
15.88
12.11
13.44
14.55
15.22
11.88
12.33
13.11
14.77
12.55
13.44
14.22
15.01
12.44
11.99
13.55
14.22
15.88
12.11
13.44
14.55
15.22
11.88
12.33
13.11
14.77
12.55
13.44
14.22
15.01
12.44
11.99
13.55
14.22
15.88
12.11
13.44
14.55
15.22
11.88
12.33
13.11
14.77
12.55
13.44
14.22
15.01
12.44
11.99
13.55
14.22
15.88
12.11
13.44
14.55
15.22
11.88
12.33
13.11
14.77
12.55
13.44
14.22
15.01
12.44
11.99
13.55
14.22
15.88
12.11
13.44
14.55
15.22
0.1
12.33
13.11
14.77
12.55
13.44
14.22
15.01
0.1
11.99
13.55
14.22
0.2
12.11
13.44
14.55
15.22
11.88
12.33
13.11
14.77
12.55
13.44
14.22
15.01
12.44
11.99
13.55
14.22
15.88
12.11
13.44
14.55
15.22
11.88
12.33
13.11
14.77
12.55
13.44
14.22
15.01
12.44
11.99
13.55
14.22
15.88
12.11
13.44
14.55
15.22
11.88
12.33
0.4
14.77
12.55
13.44
14.22
15.01
12.44
11.99
13.55
0.4
15.88
12.11
13.44
14.55
15.22
11.88
12.33
13.11
14.77
12.55
0.5
14.22
15.01
12.44
0.6
13.55
14.22
0.4
12.11
13.44
14.55
15.22
11.88
12.33
13.11
14.77
12.55
13.44
14.22
15.01
12.44
11.99
13.55
14.22
15.88
12.11
13.44
14.55
15.22
11.88
12.33
13.11
14.77
12.55
13.44
14.22
15.01
12.44
11.99
13.55
14.22
15.88
12.11
13.44
14.55
15.22
11.88
12.33
13.11
14.77
12.55
13.44
14.22
15.01
12.44
11.99
13.55
14.22
15.88
12.11
13.44
14.55
15.22
11.88
12.33
13.11
14.77
12.55
13.44
14.22
15.01
12.44
11.99
13.55
14.22
15.88
12.11
13.44
14.55
15.22
11.88
12.33
13.11
14.77
12.55
13.44
14.22
15.01
12.44
11.99
13.55
14.22
15.88
12.11
13.44
14.55
15.22
11.88
12.33
13.11
14.77
12.55
13.44
14.22
15.01
12.44
11.99
13.55
14.22
15.88
12.11
13.44
14.55
15.22
11.88
12.33
13.11
14.77
12.55
13.44
14.22
15.01
12.44
11.99
13.55
14.22
15.88
12.11
13.44
14.55
15.22
11.88
12.33
13.11
14.77
12.55
13.44
14.22
15.01
12.44
11.99
13.55
14.22
15.88
12.11
13.44
14.55
15.22
11.88
12.33
13.11
14.77
12.55
13.44
14.22
15.01
12.44
11.99
13.55
14.22
15.88
12.11
13.44
14.55
15.22
11.88
12.33
13.11
14.77
12.55
13.44
14.22
15.01
0.3
0.6
0.7
0.6
0.6
0.7
0.6
0.6
0.6
0.6
0.6
11.99
13.55
14.22
15.88
12.11
13.44
0.4
15.22
11.88
12.33
13.11
14.77
0.2
13.44
14.22
15.01
12.44
11.99
0.2
14.22
15.88
12.11
13.44
14.55
0.1
11.88
12.33
13.11
0.6
0.6
13.44
14.22
15.01
12.44
11.99
13.55
14.22
15.88
12.11
13.44
14.55
15.22
11.88
12.33
13.11
14.77
12.55
13.44
14.22
15.01
12.44
11.99
13.55
14.22
15.88
12.11
13.44
14.55
15.22
11.88
12.33
13.11
14.77
12.55
13.44
14.22
15.01
12.44
11.99
13.55
14.22
15.88
12.11
13.44
14.55
15.22
11.88
12.33
13.11
14.77
12.55
13.44
14.22
15.01
12.44
11.99
13.55
14.22
15.88
12.11
13.44
14.55
15.22
11.88
12.33
13.11
14.77
12.55
13.44
14.22
15.01
12.44
11.99
13.55
0.3
15.88
12.11
13.44
0.2
15.22
11.88
12.33
13.11
14.77